X=[
0.000000000000  0.000000000000  0.000000000000  0.000000000000  0.000000000000  0.000000000000  0.000000000000  0.000000000000  0.000000000000  0.000000000000  ;
0.036635451266  0.002599885182  0.014152805886  0.045243845109  -0.007378552156  0.015880837675  0.006394183158  -0.018469147160  -0.055114491823  -0.051744861114  ;
0.024130125318  -0.019463365872  -0.000588534381  -0.005879210974  0.000823695867  0.023391562493  -0.019597557739  0.008896487484  -0.114454307569  -0.089910364551  ;
0.019101373328  -0.045409044350  0.024054592731  0.023986652492  0.005538257476  -0.004670595627  -0.006433474748  -0.042190231466  -0.125143685462  -0.025916932358  ;
0.036274128756  -0.090370522805  0.058727351638  0.012906158805  0.046020204049  -0.018937426113  0.046038625141  -0.002743053926  -0.116781135248  -0.037618239819  ;
0.047301467555  -0.098595286843  0.055319771631  0.043070399436  0.011688580579  -0.053473493854  0.045711118442  -0.034069263041  -0.181040387771  -0.000106008173  ;
0.040612800504  -0.138038606717  0.045384354378  0.039448692970  -0.047078717133  -0.087651072746  -0.000000881901  -0.006163496681  -0.184618286916  0.027908892571  ;
0.059242333405  -0.122103727170  0.022753509006  0.048941161592  -0.091479855665  -0.111767433800  -0.022105942688  0.000446803812  -0.244406791254  -0.018315592126  ;
0.066580579319  -0.067583954341  0.036352331414  0.032511868030  -0.093281782035  -0.108884039031  0.050542803738  -0.002256236099  -0.209572013380  -0.021269475006  ;
0.037750896785  -0.056446559281  0.074211719515  -0.027389668127  -0.132543695457  -0.115785186144  0.067222447084  -0.035519935745  -0.232955744216  0.001150912452  ;
-0.012699906615  -0.016856678742  0.106834978977  -0.051664992830  -0.107603341208  -0.066883368185  0.079109704861  -0.003038543858  -0.228093583572  0.001776976018  ;
-0.015295996416  -0.052313909895  0.080184074944  -0.052763820246  -0.072358474132  -0.088244386775  0.131767024961  -0.032058808330  -0.205091379758  -0.044934935828  ;
-0.049016484587  -0.070749366282  0.088830380971  0.019982423520  -0.068082250773  -0.104234948810  0.151641156187  -0.078673546329  -0.208837323825  -0.027604128368  ;
-0.058402393732  -0.076079542042  0.094526919824  0.033343636055  -0.014852979446  -0.040875881504  0.173754392894  -0.122026032921  -0.197318651489  -0.045595278997  ;
-0.090835811877  -0.054425065825  0.109561689504  0.027325360749  -0.026597348504  -0.068408349996  0.116594350432  -0.172600889166  -0.233778771485  -0.058498735735  ;
-0.083345043597  -0.044609240868  0.056472860180  0.057273569338  -0.008334313274  -0.006167620062  0.094767099084  -0.172885680686  -0.256261028218  -0.027793521515  ;
-0.058246593177  -0.033066250105  0.120391742986  0.053576757902  0.001569911160  -0.051523432847  0.082175631767  -0.216433025340  -0.258750467701  -0.058144471371  ;
-0.084413856818  -0.068170771380  0.114369653516  0.090427140171  0.061883850336  -0.034832576125  0.060359150788  -0.209457587023  -0.288764326189  -0.094844981234  ;
-0.128855958154  -0.128354276559  0.112308114392  0.111649330741  0.068392661410  -0.035089085901  0.060991942764  -0.227089783844  -0.229213927226  -0.101790396348  ;
-0.176203929790  -0.138491118059  0.093241190421  0.107582198891  0.055331398669  -0.063352246275  0.002819197360  -0.242137819756  -0.281032174519  -0.104996579628  ;
-0.147962885396  -0.064767453095  0.109412346938  0.120354560670  0.088079695508  -0.050011815315  0.043112299708  -0.247926338410  -0.276964762552  -0.125456838134  ;
-0.170554554852  -0.082476470113  0.133584940010  0.122423717454  0.033519143687  0.004360562198  0.062574016563  -0.293890270429  -0.288125964416  -0.119277163891  ;
-0.193833443668  -0.085710251842  0.143885390414  0.153846623017  -0.009195178389  -0.026974432382  0.043011971539  -0.288697418504  -0.247235464393  -0.060403823455  ;
-0.162102484213  -0.050955565787  0.137772847032  0.149572438690  -0.043442737858  -0.005862183342  0.095983116753  -0.233227576185  -0.259142929606  -0.051110254599  ;
-0.143203709209  -0.067391965097  0.144653399080  0.160218782211  -0.027823275451  -0.024318776247  0.136308005826  -0.204015554729  -0.330393991221  -0.083839879850  ;
-0.152440586898  -0.124457223166  0.189111064374  0.166836047438  -0.009491300466  -0.056348045917  0.141895863598  -0.155893614422  -0.309804226591  -0.061364446901  ;
-0.136832645493  -0.125968084543  0.160431510566  0.222304089085  -0.044486789870  -0.044525579816  0.152014977684  -0.102267826453  -0.318167994524  -0.023386034485  ;
-0.148008699357  -0.121305599755  0.177222329069  0.201211256286  -0.030846881435  -0.005362511945  0.153989529205  -0.044528377418  -0.333194081622  0.038607503606  ;
-0.148483824315  -0.113635225044  0.151411601721  0.146112060391  -0.039809547245  0.011249757509  0.177397194261  -0.091819704981  -0.387472243201  0.026277847150  ;
-0.147213967276  -0.045401603771  0.142661722671  0.151408518961  -0.013051007660  -0.003593604246  0.145897772148  -0.136779292811  -0.354300196568  0.039976018427  ;
-0.102756351676  -0.057674083382  0.169916636402  0.206779330832  0.003214381320  -0.003111073332  0.102387264568  -0.103310673845  -0.335831036023  0.018882626140  ;
-0.086103035969  0.009271034737  0.181030593980  0.214046225020  0.043609835016  -0.003534113794  0.060569027324  -0.120759483073  -0.312132953718  -0.009716216053  ;
-0.036080356569  0.018226871504  0.185364627144  0.228075134490  0.041051511944  -0.024623955243  0.077683786760  -0.073362366293  -0.252514995351  -0.035346302480  ;
-0.014739895183  -0.008934729285  0.219585801338  0.228469831918  0.046833178441  0.020665730280  0.022728698461  -0.070377307498  -0.281237377640  -0.076541651353  ;
0.022118989054  -0.032329922961  0.196262941038  0.233331670825  0.021658497515  -0.011868721462  0.073503900756  -0.117485596445  -0.296177579525  -0.048015917749  ;
-0.000937174308  -0.032569150741  0.214288967126  0.237766050403  0.095786190632  -0.049388666828  0.102903139114  -0.095144599213  -0.320129646009  -0.064866932938  ;
0.001589251549  -0.033043999312  0.211326897417  0.177799155383  0.161294258417  -0.067432921248  0.106543614910  -0.084099481624  -0.284757366889  -0.045239364145  ;
0.009001272031  -0.075338204836  0.240606914375  0.225927158854  0.117870663028  -0.113765072321  0.104287465078  -0.081639491584  -0.310222329246  -0.062290906299  ;
0.008050741993  -0.117249653441  0.265309571137  0.227934937083  0.122896653896  -0.059986371132  0.078094948250  -0.029396778751  -0.274669888633  -0.067906976338  ;
0.018880122017  -0.068366141209  0.276581929059  0.244314245837  0.136627909003  -0.062492238330  0.123370072918  0.004290679059  -0.215368173345  -0.082104759646  ;
0.043264718556  -0.036442748061  0.286080546601  0.300959789600  0.163774805049  -0.110300135470  0.104082671813  -0.027034757544  -0.200091673830  -0.103971167833  ;
-0.003689132227  -0.051277939797  0.318445765793  0.293598810633  0.224078307404  -0.146790584757  0.092112349278  -0.014821211663  -0.166778038900  -0.114131811308  ;
-0.021590881579  -0.006731963404  0.319921650691  0.320590050542  0.268462122518  -0.135795174418  0.130978947987  0.012771675023  -0.214364758628  -0.132494278770  ;
-0.010121153037  -0.047180156261  0.304209268564  0.270094797397  0.254838397144  -0.138166728855  0.137179149459  0.000705236740  -0.277874058203  -0.100446864637  ;
-0.020308757814  -0.011465904244  0.270366965540  0.292701560859  0.268384669896  -0.149796099594  0.197959737613  0.051234012080  -0.257935251898  -0.099671697771  ;
0.001327714141  0.015899729928  0.246757326297  0.282254838950  0.329086873343  -0.109492828327  0.210100473145  0.018540307468  -0.277589238186  -0.064961901630  ;
0.014622945238  0.012938036665  0.274369332691  0.216220171164  0.373794667672  -0.111723159087  0.195635960370  0.041002329739  -0.253873095939  -0.027392183372  ;
0.048662225938  0.057692336650  0.265281144611  0.190444639402  0.352163071454  -0.121278496682  0.240909899842  -0.015420450846  -0.267961843273  -0.017371015528  ;
0.101368546163  -0.004782892776  0.258627301245  0.198601048868  0.356153180280  -0.097569922111  0.234277381419  -0.059872761772  -0.292640046472  -0.016341728177  ;
0.147956655748  0.009401565262  0.260966243917  0.208610919273  0.372234743528  -0.036911490992  0.243143643933  -0.008469500217  -0.281855039032  0.010996830672  ;
0.167474219809  0.069162649789  0.229446586559  0.177810393674  0.384868677010  -0.006342558960  0.248326497125  -0.015265646703  -0.231833922666  -0.009890456239  ;
0.188988502956  0.120422318764  0.239972209941  0.154917823902  0.449499878059  -0.028680181991  0.255779767920  0.006537755408  -0.199203130945  -0.011579760788  ;
0.204437327154  0.078013728785  0.241399421658  0.136717784339  0.409016596481  -0.002256247290  0.290794694309  0.012193126149  -0.225483855914  0.046245335390  ;
0.187444679763  0.116643488520  0.235653996330  0.192253545111  0.422639079387  -0.022392234313  0.294013161694  0.007749782682  -0.165603061086  0.076160540958  ;
0.199245268537  0.097307859169  0.208323433457  0.213265934469  0.469793752006  -0.048385109648  0.253081700861  0.062989797431  -0.162335440154  0.050437290992  ;
0.169953892802  0.126291992043  0.244109092847  0.254876865086  0.484574061405  -0.046435410012  0.303195976769  0.092576978562  -0.203331017347  0.050099321549  ;
0.245530949377  0.105801337697  0.252068442593  0.243475617846  0.524950187726  -0.066433753065  0.305100007576  0.070043409660  -0.208822189441  0.083313724804  ;
0.250500579877  0.105234801520  0.218003740500  0.189825095047  0.538087306244  -0.049091209999  0.316778361307  0.001892506377  -0.184120934479  0.091785444843  ;
0.288915946083  0.109129391791  0.223573792427  0.171072539931  0.505952365527  -0.058242720128  0.361907484378  0.057757876789  -0.225453407049  0.103787644735  ;
0.287743044005  0.114816659173  0.265371559523  0.119180911476  0.454293512195  -0.043691950782  0.376807527568  0.045040958892  -0.236708229124  0.150001501192  ;
0.258354380135  0.106559227922  0.298224355156  0.132972805429  0.525173321081  -0.045716550720  0.375450665522  0.027555032408  -0.262056877638  0.192667644111  ;
0.223944611450  0.098674366443  0.230244018230  0.153372167752  0.540940482108  -0.021061960632  0.348674903110  0.025781253904  -0.259918810145  0.146459145629  ;
0.174931678257  0.080504193768  0.267429351127  0.212156120501  0.545529663301  -0.067982686361  0.356283801667  0.036636580289  -0.262630632889  0.151314308197  ;
0.117782480901  0.033789540505  0.292902783689  0.204862093608  0.494794137971  -0.077869183557  0.331522722175  0.058117430482  -0.263936962891  0.161390566398  ;
0.138717497355  -0.008728513569  0.297012697969  0.200052595193  0.523284700814  -0.000020971093  0.344974975298  0.054181692334  -0.262648443231  0.136018382678  ;
0.056490182414  0.014011238157  0.275742448034  0.218424621291  0.525800013715  -0.023107920670  0.356586391802  0.088298276577  -0.255358557584  0.142372492196  ;
0.036507095288  0.039957820695  0.299557401140  0.167238541157  0.484366528858  -0.015439312227  0.339486245378  0.063854343348  -0.202897087389  0.124410968448  ;
-0.006001588365  0.050493614649  0.274187905129  0.127501646719  0.435260761612  -0.036003858340  0.357516604160  0.011981991723  -0.205909197727  0.123972437827  ;
-0.014745859770  0.075430360385  0.290451249993  0.201326137396  0.403692983889  -0.032031549738  0.377458028584  -0.002608306111  -0.192569101390  0.166237617640  ;
0.031076094598  0.126046389248  0.277611777897  0.218335341779  0.373853970488  -0.040929253952  0.371816855659  0.054501382286  -0.167686258335  0.164764538406  ;
0.017498862795  0.117384202777  0.235975546542  0.245373193042  0.415456187487  -0.077503173705  0.432624437414  0.036841757171  -0.161514209774  0.177417187652  ;
0.009607780373  0.112714089931  0.198515914431  0.244667870513  0.435268250779  -0.017713481622  0.435248029666  0.088368260508  -0.173712262007  0.135773245061  ;
-0.009800809342  0.097567451880  0.215182101495  0.208865236920  0.431967848458  -0.047278834817  0.361438162799  0.095124578101  -0.196718347497  0.166211192242  ;
-0.019120177290  0.133678082875  0.247906215669  0.275399695562  0.411453452482  -0.083015242928  0.391126700837  0.082467321257  -0.208741217475  0.181290108783  ;
0.000415970171  0.150455145174  0.296434578824  0.313102806726  0.359572301524  -0.065319452188  0.365407416861  0.039347687208  -0.203673930123  0.184304384241  ;
-0.024523399434  0.175922169697  0.328519223956  0.338449945392  0.335567861851  -0.127543613267  0.336667205919  0.012741834888  -0.199618168369  0.216849383270  ;
0.049952501512  0.175822208082  0.325394531329  0.329550121903  0.305054582268  -0.112781843253  0.332011071069  0.031575146059  -0.169071421737  0.173192624254  ;
0.076363149173  0.151343118205  0.302500514860  0.306865394595  0.295636114056  -0.159071882966  0.357150947121  0.012930444055  -0.139880198839  0.233203272564  ;
0.092444463530  0.129935478448  0.333900445981  0.244634394802  0.298965632827  -0.158400313801  0.347985039630  -0.024544308797  -0.193891151472  0.230490227653  ;
0.109547121069  0.123205139724  0.300019327315  0.255608542700  0.324917614683  -0.183230293844  0.280392764797  -0.000843032169  -0.192071414601  0.186105222559  ;
0.081472787469  0.176705909376  0.273711080979  0.243493530913  0.325133667691  -0.185033405562  0.257269827173  -0.053816669852  -0.159567635680  0.219420865058  ;
0.104021544789  0.239954132351  0.276577618429  0.244181504546  0.350373029356  -0.185170217887  0.293933808998  -0.008092731605  -0.136547356670  0.249096141915  ;
0.118378099167  0.246755014261  0.251880968213  0.244574449760  0.311008507558  -0.117236619704  0.288044311944  -0.034170970027  -0.171822785606  0.280937977509  ;
0.133787440250  0.277324979702  0.288780629097  0.240973841400  0.364202942307  -0.111397987634  0.315686248292  -0.093440436332  -0.165836361790  0.264295892229  ;
0.112010482289  0.213868626142  0.234894908853  0.239415986326  0.361636821881  -0.146810644482  0.293239160195  -0.065244612502  -0.171272300723  0.262323426870  ;
0.139368972424  0.257950176969  0.201098495077  0.294231498460  0.366194056570  -0.155365483449  0.343121996749  -0.045100142232  -0.181742737735  0.254341499449  ;
0.119906964418  0.230599089797  0.222745196389  0.294009908851  0.281175398085  -0.159882384391  0.360564737044  -0.022352885824  -0.186786377545  0.236768234388  ;
0.131946791912  0.212530037444  0.241795759280  0.229629903922  0.298358534073  -0.107177016724  0.384678752414  -0.004059079865  -0.213559690839  0.219026543428  ;
0.170570790132  0.198278605293  0.190042775464  0.202266594377  0.325599870348  -0.105966171364  0.396894519397  0.013578635739  -0.156732455746  0.240115787806  ;
0.107103702375  0.236175323230  0.228213622453  0.189808221803  0.308354690093  -0.077881555374  0.383469820553  0.002533764454  -0.118315142171  0.247816393871  ;
0.164813327453  0.211639448464  0.211010053849  0.242240546378  0.288570388241  -0.121527096010  0.360275885053  0.007366847505  -0.106706583112  0.253298254268  ;
0.151069069355  0.188988151227  0.238120038658  0.296691094039  0.340228043951  -0.069058836970  0.354117700220  0.018832353651  -0.109424331934  0.253255179928  ;
0.139864881130  0.183942895945  0.263637392473  0.308826204714  0.304881584168  -0.061971192539  0.422658104765  0.017440307664  -0.097187838753  0.199389125932  ;
0.110700594315  0.167342089247  0.270682554262  0.341153393234  0.247037038285  -0.073672468164  0.397080650093  -0.009608598725  -0.083694495617  0.251622687904  ;
0.124417974087  0.187049274897  0.304217964646  0.370365342256  0.207773150211  -0.074364771726  0.401093642102  0.062216175268  -0.056800243222  0.253894987137  ;
0.133092975896  0.137680040536  0.248293164164  0.361470622474  0.238605315592  -0.061006180628  0.396771547072  0.061360632174  -0.010410872666  0.285204141628  ;
0.124464466293  0.129733120620  0.250308149225  0.371981019309  0.208944903212  -0.127357838123  0.383796105507  0.114933165805  -0.025101064917  0.320009370728  ;
0.162489758005  0.153384310859  0.246444502577  0.370989327501  0.177022707201  -0.160394741148  0.403801304503  0.142551871128  0.040834117450  0.301091800364  ;
0.178605256282  0.195319132204  0.305354485623  0.350482493805  0.134925892654  -0.166255720805  0.417339575223  0.133665756220  0.063435165087  0.262216395554  ;
0.211901733747  0.223821212221  0.319694572977  0.387102117234  0.152221774522  -0.153023962427  0.376062004157  0.106884767302  0.021275643757  0.219092971999  ;
];